50
16
4
9
-80.7899 -23.3879
-64.4974 -89.2631
-15.1453 18.4753
-84.6118 -8.3039
-7.987 -9.7646
74.856 -1.2637
3.5632 11.9614
-81.1586 93.7241
10.8887 -75.6833
2
7
10
-41.0384 -57.0588
-58.2065 -56.6576
-86.5125 52.725
40.6097 37.6499
86.0056 -79.3031
92.6103 -94.1211
-82.4599 1.2135
49.6262 -30.1228
19.231 -42.416
-44.2066 -13.652
93
3
5
31.7515 -19.4363
-85.9924 -19.5811
-17.5047 -83.2171
36.0298 62.1749
78.127 -96.2354
66
2
4
19.9988 20.7105
-34.6467 94.2617
51.6853 96.6302
-66.0359 80.9557
13
1
1
-95.6113 -8.1841
29
2
2
12.814 23.5629
90.7306 -55.7341
1
1
7
-43.29 -4.4225
-88.4921 -32.299
-36.6049 -94.9642
81.2298 -68.1001
18.1406 -40.4033
-33.2305 37.0455
24.322 -0.4488
8
8
10
-14.176 -20.3597
-42.9946 68.5686
73.566 -15.144
69.8227 42.0513
25.7284 51.5029
-36.1524 5.1608
89.7477 53.0048
-67.0302 29.4635
67.1536 -27.401
1.5376 38.5313
9
6
6
15.4468 10.5409
10.8857 13.7519
62.9574 18.6906
-32.603 -16.7056
41.4781 -14.6663
-35.3146 -62.5385
55
4
8
-15.7737 -99.5514
-90.1325 64.2839
-65.6491 11.99
90.6516 44.256
39.9171 -33.2508
-31.0288 -65.5245
91.7595 81.4234
-4.4195 -41.5794
91
1
1
-73.1247 99.5996
33
2
3
12.6085 26.5321
80.4235 92.5754
1.9095 -69.1591
32
6
6
-52.9022 -25.5734
55.1089 -22.5557
-97.1544 92.3074
-76.3262 -30.5169
88.0264 -81.9946
89.4473 89.3282
25
3
5
89.5719 -57.5847
-80.5349 22.0258
-43.6221 -34.7899
-2.6264 -27.3909
77.6879 -16.0502
15
5
10
17.3454 -61.7736
1.7678 -51.3994
13.7621 71.2893
-39.899 -49.6109
35.1547 53.0612
41.762 28.8579
-60.8627 -72.3897
0.343 -29.3561
77.8543 -69.1656
96.4735 6.9981
32
1
3
61.7558 46.8035
52.5575 12.649
-83.3139 -63.092
40
2
8
67.0475 -88.3612
37.5096 -3.2339
46.721 55.4412
-17.77 79.4706
-98.5397 -35.6155
-77.1231 75.6741
91.5663 -43.4109
94.3166 -61.827
16
1
5
-37.1724 4.1173
-44.4779 17.9349
-48.8999 82.5191
86.222 60.9058
6.8724 51.3754
6
5
5
-59.0883 -3.0383
16.3002 46.9145
-33.8149 -65.7286
-22.7839 -14.9013
-14.6277 -55.8064
9
4
4
-70.2181 -87.6915
-10.0915 -3.7081
-77.6392 -86.7267
52.2943 10.6782
85
5
7
-87.0189 13.5798
65.3787 85.129
-27.7113 -16.104
-10.6892 58.1917
-80.7994 37.2926
-20.1813 46.8461
72.9299 72.16
63
1
1
29.6026 59.5635
38
1
2
95.1251 84.1142
-28.905 95.261
4
2
5
-80.3131 -48.2239
-36.8757 80.0887
-34.3209 -14.1967
27.7844 -63.9844
69.1523 50.9818
20
3
3
-85.5319 -85.6602
63.352 60.6822
94.5335 14.8373
26
4
6
77.9557 -54.9523
-62.4436 63.7753
-9.415 93.9429
75.5463 -23.0141
-69.8899 -44.0222
57.9492 60.3465
95
2
9
97.8532 27.1508
-37.5011 86.6049
-56.275 85.8559
30.3317 32.9238
-36.0885 -18.7346
88.6047 -57.9098
-56.8383 16.1652
-49.9332 -62.7378
57.9558 -15.2256
13
1
7
37.209 30.4613
-70.5687 -10.391
69.6343 7.9938
-44.4269 49.0597
-84.4823 -10.9479
-55.9945 -14.2047
-72.4468 -18.1319
40
1
1
98.0045 74.9505
27
1
1
4.2138 -49.0521
68
3
7
32.9613 31.8091
-24.3153 74.6523
-43.0323 -70.9228
67.6185 85.6933
-63.9421 15.4666
-16.5359 25.1384
-44.29 32.5849
56
7
9
-93.6928 -97.5975
22.3669 65.8283
-7.0544 -76.2551
30.7661 28.938
1.6417 -33.0927
9.4402 -14.8582
-66.2945 51.5201
-64.9419 34.9879
28.2592 83.4689
37
3
10
45.2841 -56.5499
-95.1209 -92.4144
-9.326 93.2606
-46.8521 -49.7394
-87.0115 -34.0473
18.8603 -72.5632
23.138 -3.6829
57.1991 2.9328
-28.0109 36.8422
-72.082 -3.3445
52
5
6
19.434 -88.7346
-70.5451 -66.3492
-91.9758 -30.2188
92.3571 -80.9749
42.6843 -61.6149
-75.7845 -20.9549
88
2
2
-5.4965 -29.0943
-47.9291 80.0081
56
5
8
-60.5934 -80.8652
-3.0011 99.8902
23.6597 57.9676
-77.7195 36.8322
8.6043 73.4562
-19.5442 58.5169
-0.9486 -15.6069
64.6551 -4.0002
37
1
2
-17.8016 94.7703
37.5704 22.5691
6
5
9
-67.5392 19.5477
14.6839 79.8174
-82.097 -85.4821
23.1143 55.2405
61.1842 69.2573
24.5779 17.5383
-52.7421 30.101
27.3055 -69.5063
65.3097 61.1999
6
3
3
74.9063 15.5241
-25.565 -71.3878
-0.5087 66.591
37
1
2
93.7933 22.1641
-20.3165 54.2066
47
5
6
6.0149 -8.0701
-30.3626 -64.5769
-77.2678 -29.0369
-38.0509 -62.3378
-77.7415 10.9773
-29.2166 -38.4932
71
2
8
-54.671 -66.3364
-60.9197 -51.4815
31.8506 -14.1506
34.1473 -74.2233
64.7339 55.1947
-54.2877 77.7852
28.2138 20.3556
-99.1616 37.026
82
2
5
95.9973 50.1495
-47.3008 -54.8242
72.9181 -0.1319
83.7749 -46.5852
11.3691 -77.9128
99
2
3
-80.2875 62.0207
58.2467 -20.8009
38.684 92.691
29
1
1
-43.1701 98.6546
44
4
6
-90.9699 74.6428
55.771 -6.0706
70.2717 43.5217
67.6923 91.5865
-81.8982 -51.0243
83.5831 -15.7809
28
7
10
-9.2793 -44.6933
-11.1322 37.7824
-19.4188 -2.8579
-11.8257 6.261
13.7647 -73.1718
96.2178 77.6051
-23.8037 -99.7087
11.3296 61.8317
55.8771 7.2302
-26.6945 14.2684
71
9
10
-55.4726 -53.9706
7.1232 -76.3103
33.8071 -36.2913
58.8192 1.3182
-28.8753 96.4598
63.0236 -20.6914
-32.6868 11.898
-39.8311 -93.1221
-94.2956 74.6771
-52.072 -71.242
72
2
6
-66.6444 -56.1861
-16.5564 -45.5951
5.7507 27.2469
-39.8143 20.9087
-17.5006 87.8203
-47.612 54.2443
7
1
6
-14.8418 99.2348
-81.9967 78.6812
-61.0748 1.8308
26.1285 65.1572
-85.2084 88.984
14.9758 89.0528
