100
54
5
10
-22.9661 -63.954
11.6499 5.8828
-76.7143 -19.9219
-79.5432 93.0585
56.1928 63.7363
-74.8838 -88.4686
25.0784 18.2068
-48.4462 -71.8285
90.566 90.2236
-74.5304 34.9003
28
1
3
50.4738 73.0307
63.0588 65.4348
-88.8718 7.401
31
6
6
33.0026 43.8146
-50.4709 -0.2996
-57.1086 45.6175
-30.6759 -35.3776
50.195 -62.4238
57.0573 56.6716
49
4
5
52.7925 85.4249
70.1841 3.5078
-96.2666 -9.6055
-29.9443 -19.3492
2.8073 99.673
25
1
4
78.5276 17.3785
81.2222 34.136
-64.8854 31.2176
-27.9356 30.6019
9
1
1
-4.5955 -55.0043
25
3
9
-59.9174 29.4863
27.4961 -45.6947
13.1849 5.1105
-66.5219 -24.3298
-19.1371 29.1646
79.6306 -64.1161
40.0528 -56.3694
31.2293 24.2145
-90.184 -73.6198
66
3
7
31.7077 -57.927
31.4337 -63.1459
30.7358 87.9632
3.8502 77.9412
-78.9048 69.0654
48.106 -22.0223
85.1755 -8.2266
1
2
4
-80.3692 -95.8394
-37.817 -63.0478
-72.8209 -92.6656
77.5358 -46.429
24
2
2
92.2888 -69.6743
-27.2246 81.1029
5
1
1
-19.0569 42.0017
47
6
8
29.7385 -30.6608
-44.3354 89.1194
-44.6765 14.7715
0.3093 -60.3889
-84.3623 15.4867
-16.2384 -59.8765
-44.3944 -77.9608
10.2143 -16.942
36
3
5
-36.9832 97.7952
-7.6504 -22.6203
-56.6024 80.0001
41.1065 -67.5268
-17.3079 81.4578
23
6
9
-15.7956 -3.1889
-60.8521 33.1725
52.994 59.7515
-76.2963 -54.7647
-72.4561 31.9555
-39.7023 27.4164
18.8295 91.5837
-64.1031 -17.0703
-0.5944 15.9193
96
3
5
-38.2501 29.8374
-84.4987 -52.5543
-10.272 69.154
-21.9587 93.6604
22.7703 2.3519
54
4
9
-27.5916 -5.9354
58.9513 86.0276
63.16 54.0011
0.4088 -72.2729
-58.4306 -10.1361
38.9727 46.4472
-72.2817 60.5535
80.168 -41.9786
-66.2532 -35.9834
19
1
5
-11.4902 -7.2459
98.4748 -90.3072
84.8874 65.6913
-49.8439 23.6896
40.5285 -21.0033
8
3
4
57.0603 -87.692
-34.8641 41.3154
72.8546 -60.6147
-71.5671 17.1007
54
2
6
19.9377 -22.8091
-9.0752 35.7945
13.6712 -91.8963
28.3897 -41.4504
-94.5677 -37.7871
-39.4099 78.3012
51
10
10
-80.1787 -51.9757
76.7711 -79.7842
59.6031 -89.8996
-1.091 -13.0624
-74.9141 -1.6303
-14.4935 -54.8746
-67.4408 29.2918
75.657 -28.3808
31.6028 5.7159
-28.8122 44.3328
33
7
8
-86.9167 56.0214
33.0825 81.6743
36.2753 -16.6449
62.3627 44.4134
57.3089 9.9346
-37.5691 22.3882
-28.5978 -37.3929
30.6615 -18.0191
52
1
3
33.9859 85.7371
14.4499 97.6354
-99.7119 74.9544
9
1
1
35.4408 45.2985
47
4
10
-72.0241 -1.9554
29.9412 62.1837
43.2512 -62.5105
-10.0396 79.2384
17.9189 3.8292
-89.264 38.4643
51.9596 0.2181
-68.595 27.6961
46.6605 24.3266
14.2506 78.6877
89
1
2
26.1526 88.5066
58.0133 26.1259
57
5
9
-3.5256 9.9605
-53.3937 -54.0689
13.4848 -88.4285
-33.2475 -3.3413
45.8884 90.4202
-55.7466 55.1093
-97.4836 -34.4842
85.98 81.9289
14.6337 0.8142
55
2
2
-73.9399 61.7146
16.6829 14.4215
13
4
4
-29.0186 -58.5506
27.8069 18.4951
-90.1516 -28.6334
-77.5106 -29.3508
84
1
8
89.8326 -26.746
-26.8253 67.965
-48.0949 -28.0058
96.4558 -89.555
8.9884 -81.2743
-29.5436 82.2235
-38.3187 -22.8018
-56.1809 39.4783
49
3
7
-51.9165 52.4326
54.1138 -90.9783
-38.0492 69.4502
-78.8804 -32.0911
-6.0337 -49.4912
-19.6661 9.6424
9.3896 8.9662
21
5
5
29.1011 70.9906
41.4175 6.6808
-81.5247 0.3789
-33.7242 -13.2049
-61.2766 83.9892
67
5
10
-71.2282 79.0155
-47.8063 -54.8488
6.6205 -90.7461
-74.0161 76.0738
-35.8617 19.2147
31.0829 -58.451
-17.6999 -3.1061
-22.1224 -68.5916
-55.61 -30.1046
48.9414 26.1711
11
4
10
-71.7795 28.9667
53.6875 -92.6967
-98.1465 86.6454
83.5794 -26.0866
-48.9878 23.6841
-84.9988 50.2276
22.7437 -47.4926
17.5942 -10.6222
-21.1128 90.8106
-77.0621 88.2299
97
2
2
-14.061 41.7803
-68.4968 41.0768
100
1
1
4.7417 99.9618
39
1
2
29.8712 -50.0787
40.3294 62.0114
43
2
3
80.7747 82.0154
91.2545 48.774
-94.0858 96.6556
11
1
10
-19.3583 68.4564
-99.3008 46.0489
1.9101 97.8717
53.1384 -2.7152
-49.0944 71.7051
47.9002 90.6005
-20.5323 86.9995
44.771 -82.7464
62.9869 27.8463
45.6566 70.8992
86
2
3
-19.9318 -58.6529
44.6016 28.0668
-32.5458 16.7289
81
7
8
98.0639 -34.4289
-62.8335 62.8354
-95.711 -15.0934
16.4053 -61.8973
-64.431 -87.8125
-51.167 -33.67
88.4948 -59.8565
25.9688 -77.2394
16
1
1
82.7597 30.6139
71
2
9
-12.2999 6.0399
71.4095 82.7542
68.6869 -63.1825
-65.3578 82.2394
-16.8463 -51.926
8.8041 -46.8743
-55.018 51.8104
-24.0542 -39.5097
-45.5152 -34.2501
82
1
4
54.5535 3.9829
54.9618 -66.9975
58.6719 -86.1587
-53.909 33.1545
25
1
2
86.3235 -79.5717
76.9347 49.3962
28
1
5
-5.0375 41.3858
82.8736 -71.2755
58.8023 62.5223
17.889 -30.2879
50.1449 -84.3006
88
1
1
-87.6645 46.266
29
1
2
-56.1967 38.1572
68.8922 40.3488
44
2
9
-69.6681 -56.0554
17.2762 12.7835
-43.8055 0.3814
69.5517 -4.6853
14.4374 -54.5972
-20.5495 -12.9361
-56.0505 -71.8075
-24.0762 11.1773
27.9191 -76.2153
97
7
8
-73.7065 -74.784
-98.9958 -94.9869
-67.1766 63.3153
-24.9603 94.8037
-2.4169 48.376
-85.0298 -68.8333
30.8067 7.0601
58.5363 -76.2785
8
7
10
98.2581 -62.4808
-58.5606 55.6841
-95.4446 -98.0364
92.8642 -14.3476
47.3288 -81.8211
-86.7465 -67.5883
6.7093 -44.7089
-82.8826 -52.4611
-77.1187 42.8941
-62.2971 -20.6632
54
2
5
39.0309 -89.1096
43.18 -5.6743
7.8696 58.3462
-62.1058 -56.9485
-1.1428 -14.2558
88
2
7
36.3429 -70.1455
-9.4421 31.2785
30.0432 -75.409
-93.763 -70.2627
64.3206 -77.0502
44.5259 92.2589
66.2478 -36.5074
69
2
6
-67.9439 -94.1986
-53.369 43.535
-16.4503 -57.3477
76.7039 19.037
34.5158 83.9857
61.5248 -88.0265
16
2
2
-88.4726 99.0181
79.3461 66.8037
43
2
7
71.7227 -24.5528
96.5723 -11.7188
-53.0232 37.7834
87.8218 -55.4413
45.4608 94.1454
25.77 78.7185
3.1128 -20.7922
46
3
4
-37.9122 -93.8831
68.5844 -77.7925
59.7832 56.7444
-22.6245 25.3345
98
1
4
68.6099 58.4693
-23.5992 55.5301
-13.0539 50.2958
75.4919 4.5748
42
1
7
-91.8896 6.5269
-64.4625 35.2835
67.2877 -84.3557
-74.1116 -10.3564
-54.444 94.403
-41.3082 73.8785
99.9119 83.4654
59
4
9
-54.0018 -54.022
-10.758 42.5968
52.9051 47.3972
-23.1944 64.2003
-62.6866 59.0374
-78.0295 22.9023
38.6249 19.0515
-61.0325 10.7102
-72.4065 -30.673
83
1
4
79.674 -19.067
-54.2423 22.697
-12.3397 -55.2771
-93.7028 -79.3443
75
5
5
-70.0008 86.5026
65.7244 -2.4458
-54.4478 46.1482
-98.1455 -32.2722
64.7614 -10.738
77
5
10
1.4481 -41.9201
-41.5243 -46.5782
-1.1608 -37.5396
99.3966 75.7932
8.2532 -61.951
85.1111 -24.4074
-32.9753 83.1236
-5.4812 -66.5818
52.8674 55.4903
36.5912 -76.785
99
5
10
6.1265 -63.31
-76.3403 -97.9167
-25.3906 19.478
78.6457 50.3308
64.2526 -22.488
-37.676 -51.0829
13.1434 55.9076
-76.2794 -36.4096
26.2565 -3.8855
88.3802 -72.7649
25
1
5
94.985 96.6155
32.3879 -49.4633
25.2219 33.4163
-84.5085 -27.8388
87.0145 11.9755
14
1
6
32.565 -25.3974
-52.8366 -55.1583
19.4852 95.7527
-79.6216 -81.5392
-67.9515 -54.2552
-96.6877 40.7054
19
2
3
-76.6635 -56.7198
23.3829 25.4525
28.82 -67.6221
28
1
1
6.1827 -19.6242
21
4
7
-87.6541 27.1276
-2.6459 -17.9805
71.2352 -35.9729
-57.1688 -45.0099
-2.2881 95.662
-15.5289 -5.7932
53.0975 23.9712
38
1
3
-55.2066 74.6909
-2.9951 -74.2562
67.7921 32.4287
2
5
5
-99.4118 21.7868
-29.7758 -88.5316
-15.6432 -31.2588
68.0943 48.2329
-68.2783 49.386
77
1
4
47.0866 45.2545
-89.1592 73.1111
95.3491 -99.3118
27.7544 1.2003
41
1
5
-7.3627 -71.4529
17.2139 6.2856
61.7638 18.5097
65.8021 67.0382
-58.0375 64.3299
76
5
7
74.7768 -78.4498
53.1237 60.8444
16.414 -5.6493
-9.511 -30.4286
90.2623 -0.7649
47.4776 -71.989
-32.9042 89.7336
4
1
6
-38.8511 -59.7849
13.4741 38.8791
8.3536 -13.1809
60.1468 44.5966
-24.5583 0.3814
54.2433 47.9376
60
1
1
67.9386 -16.1478
23
3
4
-21.5658 74.4526
62.2495 28.6457
-74.3999 91.1631
86.9663 27.4257
44
2
5
75.9393 14.4719
-47.9224 41.4016
-2.5986 29.3971
22.7935 -94.3982
-68.8135 -1.171
33
1
2
90.7703 36.5599
31.2435 80.8266
45
4
5
-12.0122 88.9298
26.5062 -33.1367
-67.6613 -17.6788
96.7807 37.6003
-3.076 -2.6363
2
3
6
14.7695 -81.9987
-26.8905 -51.792
-53.1471 38.9676
38.9824 13.3507
-20.6706 -56.0431
6.2106 49.2126
88
2
2
23.4305 -47.7863
-21.2188 -60.3309
57
2
3
1.2957 47.7821
-32.1789 -36.626
-0.1717 61.8018
70
2
9
21.8992 72.6487
-36.736 -40.7792
-95.1291 21.53
-18.2083 20.0969
-28.1856 80.2208
10.7031 -22.9724
22.2021 36.3415
22.491 15.1443
97.0052 -80.9724
88
1
1
-26.2256 95.0261
44
1
1
89.8348 96.2151
93
5
6
-16.4821 14.8435
0.8675 33.9922
-60.5231 76.714
-26.0148 -92.209
21.5561 -55.2921
-23.0894 -9.674
96
4
10
-64.7559 8.1823
-54.1357 46.2721
-45.7909 34.9026
-8.3738 -71.6023
61.1999 22.1089
38.1488 43.5484
76.0369 -9.6255
26.435 89.1678
70.2923 18.1341
90.3566 2.6189
33
1
4
43.1591 76.7557
94.2429 94.1867
-17.7298 56.6982
1.0269 -5.5971
59
6
7
96.5122 -91.1942
-3.3478 -98.8671
55.3734 -51.319
63.2079 -8.0742
17.4956 71.1058
-41.7375 -76.4022
58.2594 95.6294
66
3
7
28.9044 98.9088
-77.3911 -70.3968
-33.7481 -32.8312
-30.8686 -91.1957
-65.156 -31.3604
96.4974 61.0345
42.8562 31.5339
80
1
4
52.7416 -55.4279
97.9274 -14.0912
-94.8021 36.9725
-40.0127 55.7064
2
5
7
-67.6183 -71.4981
-24.1995 -81.4243
-17.3305 -53.3366
-26.4238 77.2251
76.3057 52.8775
16.9381 34.4149
-37.5668 -79.3352
32
6
9
22.7669 -17.9935
-22.4481 91.8493
-67.2605 93.8817
-65.9406 17.9396
-21.4349 43.1882
-71.3871 61.1975
80.5002 12.5591
13.001 38.5135
13.5949 -26.0839
94
2
6
76.5092 76.7598
3.4498 -13.0623
41.7214 52.095
17.6156 37.0443
-36.1246 -58.2771
7.4449 -11.3798
11
2
5
-65.5246 -35.7078
-6.768 7.087
9.04 -8.0105
-15.0604 -20.0393
-43.1766 27.6952
74
1
2
-11.9696 -62.5276
-60.5555 -46.5914
9
5
9
-53.1225 39.0437
82.6999 -3.9805
33.928 -85.5015
-69.0705 33.9248
76.0365 -89.6563
17.0221 -4.2893
1.4712 12.0756
-14.8152 -13.9362
22.3048 -65.0629
63
4
4
-65.2074 38.2018
10.8195 -0.649
52.7433 19.7624
81.3494 21.4572
96
7
7
-24.4097 4.6621
0.986 -71.2313
89.467 -3.4981
89.6825 4.215
-89.5914 62.6289
-22.0175 -61.8871
-95.4529 -60.0598
67
2
9
-67.7705 -64.8671
92.281 52.1698
-12.2632 68.7959
-7.9648 92.3047
66.5054 -88.1685
48.3781 -8.0883
26.1985 -82.7356
41.0274 59.0481
-19.6175 1.2092
