10
94
3
3
58.4819 72.4826
-23.3028 -34.798
61.0938 14.8499
78
3
4
-56.8253 -82.6018
39.2138 54.6605
-35.433 90.2055
84.2903 -45.552
30
5
7
90.1614 86.7821
32.8786 0.9046
-34.7976 98.2059
21.8945 -48.4306
57.5929 76.8387
6.2597 79.682
82.5684 39.8147
22
2
3
18.3189 35.3336
-60.2471 -62.4236
96.8522 -33.1414
64
1
1
25.7449 63.1002
99
5
6
80.9192 19.6816
69.1901 61.8015
40.2749 49.803
-47.2028 20.7657
10.8514 31.9478
64.6087 99.3183
3
9
9
-6.6522 60.2658
54.6813 -49.8648
65.7984 -65.0086
-57.346 78.3777
34.2447 -19.2327
-16.0107 -48.1706
3.4934 36.2498
47.1659 -38.0786
15.4525 87.1059
43
2
2
-82.1192 -96.4055
-25.7233 57.8998
86
1
1
78.9833 -80.9459
43
1
2
67.0129 -96.5383
75.6649 24.8383
